0.4444444443950617
0.4285714285102041
0.6923076922544379
0.9166666665902777
0.5555555554938272
0.79999999992
0.8749999999453125
0.5384615384201183
0.6923076922544379
0.8571428570204082
0.9090909090082645
0.8461538460887574
0.9090909090082645
0.5555555554938272
0.99999999975
0.39999999992
0.79999999984
0.499999999875
0.7777777777345679
0.8888888888395061
0.8461538460887574
0.9333333332711111
0.7333333332844444
0.9374999999414062
0.7647058823079584
0.9999999999411765
0.8888888888395061
0.59999999996
0.7999999999466667
0.777777777691358
0.8461538460887574
0.8666666666088889
0.705882352899654
0.8333333332638889
0.8571428570816326
0.7999999999466667
0.9999999999
0.9090909090082645
0.6363636363057851
0.6923076922544379
0.5454545454049586
0.8235294117162629
0.7499999999375
0.7142857142346939
0.7142857142346939
0.9999999999230769
0.749999999953125
0.7272727272066115
0.8124999999492187
0.6666666666222222
0.8421052631135734
0.9999999999375
0.7333333332844444
0.9374999999414062
0.749999999953125
0.8571428570816326
0.928571428505102
0.8571428570816326
0.8888888888395061
0.7999999999466667
0.9473684210027701
0.8235294117162629
0.8124999999492187
0.8666666666088889
0.79999999992
0.59999999996
0.6874999999570313
0.59999999996
0.8749999999453125
0.9999999999230769
0.928571428505102
0.9374999999414062
0.5833333332847223
0.7999999999466667
0.8571428570816326
0.7692307691715976
0.7333333332844444
0.8124999999492187
0.8571428570816326
0.7857142856581633
0.59999999996
0.6153846153372781
0.6666666665925925
0.8333333331944445
0.5555555554938272
0.8571428570204082
0.2857142856734694
0.69999999993
0.5454545454049586
0.5555555554938272
0.8181818181074381
0.7142857142346939
0.9166666665902777
